ingestion_pid: 23
task_name: O2
time_budget: 2400
start_time: 1574971722.0742533
0: 222.16858077049255
